nfp8122
40022.15436314701 10.80143624209801 37440 10
38660.74747570603 10.37866411604761 41760 10
40068.38043247811 10.092824710715703 34560 9
36240.74660311231 9.414560448396292 40320 12
41233.833682271434 11.025593267940202 40320 10
34093.74775713559 10.097811233217255 37440 10
39954.39759232619 8.988951211486082 41760 10
38980.646690877315 10.921969547978328 38880 12
38631.46757848604 10.108152984383825 40320 10
39449.80892260702 10.449287610319749 43200 8
38256.98887802065 10.304967077001848 40320 10
38427.590340040144 10.280285506367099 37440 11
38310.69117134438 11.167097575787986 37440 11
40422.75929399549 10.53782343499908 34560 9
39349.070938466895 10.437364421945789 38880 9
38543.196243939936 9.903412629931495 40320 9
38388.422287843976 10.422693208061554 37440 8
37602.39046111983 9.086923076082813 38880 8
38865.62658546542 9.334638363297934 38880 9
39096.146574289894 10.0274837654268 36000 8
38473.44731024689 8.883846654761784 46080 8
40798.417370773226 9.000088182583893 38880 8
38328.051840565335 8.924054614307996 41760 10
38586.361868109125 9.195455787930154 37440 10
39546.285228443776 11.333232248132251 38880 6
41589.74165470507 7.971718683131738 40320 8
40402.156838991745 9.16802259233445 44640 7
41303.34459360681 8.076980441435387 38880 8
39351.238034405615 8.833320089803479 38880 7
41286.0111207577 8.1904012919993 40320 8
40998.99215976724 9.212068088512476 38880 6
41209.088145619484 7.498312843570393 37440 8
40117.16084416421 8.317073537604392 40320 9
40813.12885853566 8.757366535895429 40320 9
39549.05097295067 8.830806993482888 34560 8
39358.52718063034 8.374636504959518 37440 8
40305.83924508041 8.530076138245214 38880 7
40402.78159693431 8.090364983860416 40320 8
39578.67602142391 7.829871197955233 38880 8
39819.619475362255 8.1276064236501 40320 10

nfp8107
39732.19391280583 7.859764447635258 41760 7
40874.44695345795 7.372431989039961 40320 8
41070.78172440663 7.315535518189957 34560 7

nfp8024
44420.66205005962 9 38880 6
39366.987476343114 7.5249675728070144 41760 7
41418.410887834994 7.207743368134139 48960 7
47787.05167300089 8.004781318994345 38880 8
40476.92687795892 6.247739202870305 40320 9
44159.65942762736 8.656123506303341 41760 9
30953.75132095567 5.06327558890021 38880 9

nfp8020
40761.992036553296 10 38880 11
39831.54477967472 10.37533994038049 38880 10
39001.195642724415 10.767735285461631 36000 10
36141.84602374337 9.854782442260968 34560 9
37448.66642870131 10.810468548835392 25920 10
31402.877781811992 10.38399712843894 37440 9
41119.64819985385 9.669214599563842 34560 9
31789.584544984726 10.176224239328798 38880 10
38404.96392247672 7.624597995655103 37440 10
39238.13073284521 9.916077344350068 34560 9
32290.71448398038 9.860831125591256 37440 9

nfp8026
39929.733609427116 10.601775937152585 43200 9

nfp8030
40955.00923384715 11.158775299043954 33120 11
36139.86602395463 11.226849569609277 37440 13
38059.94022614151 12.162908173411504 36000 12
35878.21627104949 12.429548779834553 43200 10
40829.153626197505 10.174346828751702 38880 12
40131.05688055633 11.58887631182114 37440 13
33860.35377937294 12.257327412673058 43200 13
40144.14405907336 8.199671284172844 33120 13
35854.64800366153 12.627616820693468 33120 11
38997.60584319049 10.078225418031657 41760 12
39000.28813596027 11.825782212660561 40320 11

nfp8031
39151.920116463356 11.802956437345394 41760 8
39497.72132966028 11.256475805225408 40320 14
40589.02828772924 11.337823517019254 38880 9
40625.1120802096 10.782299242906221 37440 8
37626.96135866353 12.05380991008492 40320 10
37948.739915718405 11.02647640895893 36000 7
36512.743434784854 10.819036091899108 38880 8

nfp8032
44268.637330390535 8.884196832403497 50400 10
48044.84305428899 10.161952500317762 47520 9
49711.05075678876 10.184303554256445 44640 12
41960.35289888779 4.732337186937944 46080 8
47939.54522297961 14.809985039305541 59040 10
44283.13070361611 6.453145084771229 54720 10
71517.33569384941 12.522736460922467 41760 13

nfp8040
40822.62760968984 7.825913912635879 41760 9
41721.81368236605 9.10308744025019 43200 8
41939.76277785613 8.467167201114963 41760 11

nfp8041
45298.02972097401 11.642935945650231 44640 10
44903.96568971889 10.750372775355519 43200 14
44933.69455799283 10.351111818902568 47520 12
46183.54820858442 13.081282965348732 43200 11
43375.703611652236 10.808923430348544 37440 9
45161.92368719632 12.207539444705064 41760 9

nfp8042
49589.15740447411 15.139320033595514 40320 15
44238.61464259925 15.097824366314759 44640 17
44127.87179763525 15.960318188622642 47520 15
45219.67059519766 15.68550991719765 41760 13
38278.58120565331 13.006087010631422 43200 13
63582.64966110281 16.88078245220062 44640 14
19803.208010349714 11.23716677623738 43200 12

nfp8043
39874.89804182448 7.898378548361754 47520 7
42007.8294278444 7.541712963379048 41760 7
44065.72163978644 6.887722787834978 34560 7
39840.28800865487 7.133240596627011 38880 8
33795.85890577347 7.5952800659045865 36000 5
46233.863067898215 9.781599630773073 38880 6
46602.46263142994 7.26745431005877 37440 8

nfp8045
41741.561073456774 12.536577211935294 41760 12
41761.86626039968 11.304832255212192 41760 12
41755.18044076245 12.147296414556441 44640 10
43492.56323425913 10.989453943842019 47520 11
45808.745073810984 10.951987185198618 44640 8

nfp8046
37143.6447407738 6.2029830542645215 40320 8
36557.21259844569 6.4135347973187375 34560 6
37719.857722337816 7.084895084735164 38880 6
39164.543292675145 6.559499564404013 36000 6
37747.27440463169 6.961250371880666 33120 6
33426.95932287334 5.631384269206815 36000 7
39479.80702028789 9.257833876248004 33120 7
35716.304562587364 7.7113051132158645 37440 6

nfp8051
42209.09631027934 8.31626500723897 43200 18
42174.94983200766 6.945832538671878 46080 10
44379.51736934066 15.626462352066275 41760 11
42294.19433569124 13.858982883703053 37440 9
41974.04580779375 11.438506481994043 44640 10

nfp8057
37936.37263600717 10.650441805628756 40320 12
38204.47809138841 10.893872256609129 47520 9

nfp8058
41538.30558844974 12 41760 11
42124.47535703551 10.950868663441007 38880 14
41263.16981123065 11.753075292109905 41760 14
40568.37966106045 14.83196823447961 38880 12
41477.71429494453 10.363757384834257 43200 13
40606.1415197344 11.127929372800205 40320 14
38683.10158395646 17.779991706507744 43200 12
38732.765348587214 13.705395783181322 41760 13

nfp8060
38553.1309501908 9.195286131612422 38880 8
38338.66738869129 8.413623666424886 41760 10
39653.49078282437 8.984630105282667 36000 11
36402.45755246532 10.604110725946459 36000 9
38966.20185723293 8.550045975058913 41760 11
34797.08027297182 9.645877492459034 44640 11
35895.71590983803 13.578492858646657 37440 8
41657.58689494127 10.328827875242505 38880 11

nfp8062
42694.1446720517 9.987046212467272 44640 10
44340.798608458914 10.485536530535212 44640 8
44448.58045648017 9.338033521044352 43200 9
44228.49232141576 9.256418861421924 43200 9
43724.37931426627 9.533079065714826 44640 10
43374.47660764463 8.686840576321453 44640 8

nfp8066
40017.05979104217 6.138328862537822 40320 6
39717.39591799211 6.275161681282142 40320 5
40521.094110524806 5.274581130477384 38880 5
38977.39363504845 5.178989996403246 37440 7
40434.65290519932 8.096803722335496 38880 5
36291.30212856241 3.777681069795927 38880 5
38490.11382535657 2.835479465465107 38880 6
40092.02629284375 5.51914749665185 40320 7
40317.878651974504 6.005398897544701 38880 7
40146.80329548484 6.047598796276754 40320 7
39899.15953191665 5.421877001229246 38880 7
40349.03897931185 6.56683399918706 37440 8
38895.83789375865 7.416509543437468 40320 5
38193.87996880482 5.849019255720727 40320 7
39933.2973901046 6.7473333937929345 43200 7
41631.401483771915 5.861723003436522 44640 6
42433.75885560862 6.36698744407951 40320 7
43806.506361889325 6.646276319824161 38880 6
38677.66550448261 6.726398393262463 38880 7
37080.26377142787 6.749180958257703 41760 7
39675.703767484585 6.37653656199205 40320 6
41172.20378146542 6.375799047419795 41760 8
41525.65205378306 6.458132475140685 40320 9
42216.915947035304 7.3566474330019584 36000 7
39185.622774667136 6.742965720167511 40320 5
37094.02411258465 4.741679341946629 40320 6

nfp8068
36005.18886495471 8.010621583884415 36000 8
36165.85259585415 8.117988450176423 36000 8
36365.00206948028 8.257721911735995 36000 9
35881.129926517635 8.186147938971196 36000 9
35979.433842253886 8.784681421772163 36000 10
36227.66933868614 10.381692606715301 38880 9
36729.904229921536 9.246652804535527 34560 7
31768.939383835805 6.703486983649956 36000 9

nfp8072
51410.68690762371 16 46080 14
50732.699736324816 15.35342631321301 50400 12
50964.92435784092 12.244087799328584 40320 17
46450.369291488634 13.014155533997538 53280 14
48859.98202288645 16.40495516962183 57600 13
44960.93201246482 12.31457398037697 53280 14
37518.19586190242 18.076916650307886 44640 18
48684.43169548764 18.046324359996994 43200 14
48512.21510168516 12.90582765693362 47520 15

nfp8073
41677.65196293813 7.953712689304555 37440 7
41164.88433266743 8.312414413573705 50400 8
47577.67683006062 7.980805885623558 40320 8
40157.74805211476 7.379221746904874 51840 10
31725.939583795232 5.305175188089027 41760 7
58983.289548969566 11.477121817398487 51840 7
41896.12196019162 3.8747921942549475 47520 7
56787.28787674366 7.364069804305459 40320 7

nfp8076
41656.465393951 6.908003134726607 41760 6
46047.96049320694 6.157159363574099 40320 9
41485.56894941749 5.986553180981088 41760 8
41218.25855554077 8.520990995444045 51840 9
50481.64963874459 8.842464482119597 38880 8
43299.176845230875 8.467736753537887 40320 8
47387.15612647655 8.712945451881287 38880 6

nfp8079
37097.71821636311 5.692515905780642 36000 6
36518.57232439177 5.8547416458286365 36000 5
36434.883047346564 5.491275184316347 30240 5
32548.1853986692 5.094682898805364 37440 6
40991.890424394136 5.973156305360537 33120 6
35883.34430306947 5.768210407916651 36000 6
36643.27349870304 1.7288854630635582 36000 5
31191.379576979027 5.454384755406099 37440 6

nfp8080
42851.86716159079 5.587987825251334 43200 5
42315.808659363094 5.162180034895075 36000 5
38307.653293849646 5.1144311529082955 40320 5
42639.62443089311 5.819176271251923 43200 6
44326.905377222036 4.923065829821654 40320 3
34554.8717986711 5.727384867419889 37440 4
35935.566596638484 5.268170933226445 43200 6
51406.09178071256 9.416321874730794 38880 5

nfp8083
40077.740061772485 9.657994328546236 38880 7
40351.66509691157 8.855038861530058 40320 8
40205.153486609524 6.912759013845291 38880 9
38856.51880171995 9.302730805617495 40320 8
40186.60916304452 8.78078118557208 40320 7
40580.86754473411 7.71429375345379 41760 6
42457.275877730666 7.35702855913408 43200 6
43324.77938308925 6.172357594644311 34560 7
37812.18689949726 6.716613888664793 43200 8
43700.307301261055 8.80899612609548 36000 7

nfp8087
50235.899648954735 10 40320 9
37872.89714254978 8.922339396799622 51840 10
55739.023172662055 10.220383668133291 50400 10
52522.29553312508 10.030229452325141 56160 10
47883.99426093143 9.650186390700828 59040 9
56353.46921171791 9.146832945828939 44640 12
119216.52517111921 1.234124385073562 44640 13
89834.28379455005 5.7694906915286275 46080 10

nfp8091
38266.812124273165 9.60745203423871 37440 10
38358.82270869408 9.648477099733398 37440 10
37632.279876186505 9.891257782748994 41760 10
39374.22780403662 9.625247544601406 41760 8
34450.13031676172 11.478350845715855 43200 9
39063.90963797002 9.880853971750607 44640 8
35545.283255938964 11.109761980857014 37440 8
37933.60973996251 8.183375614919814 37440 10

nfp8094
38996.06141506375 5.13740428259128 41760 5
40556.31856164126 4.7332141639777685 37440 3
38838.477890736176 4.685605245501066 37440 4
38599.50200385247 4.124371230011231 50400 3
40591.292995036616 2.6180110904469065 37440 5
41418.43850515058 4.694398294886538 40320 5
49276.49507616561 2.3105873470394886 37440 3
29531.371291133903 6.326988668654683 36000 3

nfp8099
36842.564023101324 5.796790484048069 38880 5
37459.872156723075 5.660763937457641 40320 7
38965.15418841114 5.452864603451453 40320 6
40048.58039131181 5.904115089522298 34560 6
35443.122811194226 5.967268977493353 40320 6
28518.508968397073 3.924774237516033 37440 3
70911.09499131673 16.255454625504136 37440 5
37360.3983806095 4.621777298265992 40320 5

nfp8100
41914.640593546086 7.751843628020618 41760 7
38991.20247196906 8.179204729347614 41760 7
41643.01773454111 7.298923360089889 41760 7
40324.67946764919 7.711712850844732 51840 7
47606.12095839513 7.808676949228773 43200 8
34187.78310141097 9.297659942990592 40320 7
46597.44305221973 7.889892725588297 43200 8

nfp8101
36787.11860304034 9.611323105926642 38880 10
38516.2906628641 10.004197730718086 37440 15
38148.520409177036 10.623249432377792 37440 10
37024.56582332669 12.924562460713158 41760 11
41822.828756498006 9.897359500758785 38880 13
42301.3500171802 15.642418795314114 38880 10
38738.92658198192 11.938639864380779 37440 14

nfp8102
38866.17143801331 9 38880 9
38880.41175382959 9 36000 8
37248.26000669839 8.436496452514016 40320 9
38932.79438784018 8.933924120641286 37440 9
39124.46926047458 9.63117903351338 37440 9
36111.184848717916 8.039744327989979 37440 9
38440.27424901119 9.027204326092743 41760 8
38636.26940154824 8.384240746223018 41760 9

nfp8107
39777.6354042359 7.875322981398485 41760 7
40709.22004057628 7.35520627325661 40320 8
40937.27668952287 7.313990184539909 34560 7

nfp8113
45287.19016328326 16.42735261328486 41760 19
45088.043127595025 18.605259723295603 47520 15
44642.11927084539 16.59787267702078 40320 14
40540.00955327723 14.625439534597858 43200 17
43102.188385276306 15.678226171823315 48960 22
30287.93132105717 -1.2921299954156815 56160 22
30792.98815181731 2.3555569309282802 38880 24

nfp8116
40412.59667038851 12.268396146053668 40320 13
40554.183213002936 13.106438701936863 41760 13
40701.97083004023 13.208647432459609 38880 13
40315.53650276913 12.685312386727567 37440 14
37803.779918311964 14.041294209592229 43200 14
38543.93077918024 14.701894364626941 41760 14
38390.92072689578 15.343636971267463 40320 13
42782.43892368573 12.765428052523335 40320 9

nfp8123
45743.480219684156 9.518065830837633 47520 11
45535.36535330835 9.587672669477136 44640 11
44376.51303536626 10.455596330968042 40320 8
47541.714114305185 9.966940571493652 51840 9
47095.61304613779 7.76191715847459 40320 9
42821.397760523556 11.004444808435474 46080 11
47864.259456261236 10.492170959284179 43200 8

nfp8124
48094.75135793077 7.8163840186107025 47520 9
52016.79606115296 8.60959449545472 43200 10
49554.23856534259 8.940120242948366 54720 9
50301.050971987526 9.192860012257341 38880 10
40693.96671854054 10.260230592264335 41760 8
35032.72027282801 17.277203933328984 50400 12
18450.633154629882 13.171406324905657 46080 9
54894.03740671133 10.806332673339757 53280 9

nfp8129
43342.41667048753 9.29829501827873 43200 10
42819.53998687 9.501670274686102 46080 9
44769.768193944234 9.62594243249664 40320 11
42738.53434834171 9.868694281417287 40320 10
44247.50709858202 9.26956533589246 43200 9
44274.99306280427 9.162428406557158 51840 11
42462.355328873506 9.673140774089006 47520 11
45410.0161903138 11.384350950438225 40320 11

nfp8131
36282.94638845782 8.982669042846668 37440 11
38595.0215879319 11.06664169334538 44640 16
41097.01131739076 12.834170119509496 31680 7
40251.767682019476 11.332992570446132 40320 9
52053.3611065096 15.273213178784534 33120 9
31626.53221092822 9.403558406301691 38880 9
46669.53086942728 13.594930943907935 34560 11

nfp8133
46745.911997195304 8 48960 8
47786.41889667484 8 47520 8
46364.148174274866 8 50400 8
46641.73221629283 8 46080 8
48291.40288471177 8 44640 8
47206.059493420486 8 54720 8
48174.093449827466 8 47520 8
46004.82481037168 8 51840 8

nfp8137
38549.360111778435 11.663543983534492 40320 10
40304.911852232304 10.134896193557534 41760 9
40436.00003255799 9.758848240855416 38880 12
40523.50749032735 10.54179137756511 38880 11
40083.980884056444 10.155358655104727 41760 11
45096.42521025175 7.775194034258925 40320 9
42163.79108018939 9.52288923321835 40320 17

nfp8140
37624.64489745208 11.66900325163798 38880 13
37808.49628103669 12.068993174345758 38880 12
39270.74289865114 12.53811923848586 36000 13
36962.92717907273 12.151093266654048 38880 12
38763.6160265861 12.533812868300947 40320 14
35200.43763181873 11.220484252103926 38880 12
37228.7456020085 11.512850209744666 40320 14
41378.6685264387 13.96703902776265 38880 12

nfp8143
55343.3769911158 7.7781458651324815 44640 8
51524.97580478729 7.496321722908468 64800 8
64928.90416469984 8.1249357740027 50400 6
34672.6428165572 7.733671872338546 57600 8
66508.81252746214 6.5911990413899755 47520 8
49349.83034992321 7.962315119575791 77760 7

nfp8150
47183.859034963134 10.224093976691247 41760 11
44333.07616136366 10.630825971554836 47520 11
45517.197146956154 10.92775159061889 40320 12
39096.32411535144 12.167623594678448 37440 11
42013.822405875995 10.640993084362998 46080 7
57069.20834488206 5.172787356928558 44640 9
43219.26391309023 11.625501609954116 41760 10

nfp8152
40307.24934539022 11.425021820326027 37440 10
38845.84797064333 10.57634590332932 50400 12
38595.55576509025 10.720020588975835 37440 14
28535.729242096044 13.22476322919357 36000 10
45944.55710233688 10.812398410571646 36000 8
40452.07861255545 6.556895193031814 37440 8
64174.96998668146 14.319371651570734 34560 8
36719.76994240543 8.803915824578098 37440 9
35206.45642763654 8.646302008843936 41760 11

nfp8154
34317.22602339125 9.103441850791318 36000 8
35069.5756700491 8.274649940906558 36000 11
32949.26585092245 7.405350856011714 37440 11
35917.16681311119 11.122448612971905 37440 12
33391.91719472635 8.784678922246009 38880 11
35970.7307545034 10.017014797130749 38880 9
33950.86938562943 4.829610132240502 34560 12
39952.974775088434 13.625164845149493 36000 10
35514.715871262546 10.863801574383627 38880 8
36605.893235932235 10.37046052596035 37440 10
36280.86881764599 10.854596749728383 37440 12
36061.42011021798 11.15173970011842 41760 8
37708.68763511078 10.795860360823456 37440 10
38648.098464185954 10.506285743547563 36000 9
36255.58475083009 10.272257495042204 36000 9
37296.00033497714 9.653183547574937 33120 8
35363.242338685544 9.557561532642382 37440 9
35731.93167811548 8.864632386109585 37440 11
36682.78082053932 10.460901044185377 41760 11
36760.97486417772 10.135858132160214 36000 8
36751.43597220387 9.955738836461887 34560 9
36912.674050560876 9.2131041180454 38880 9

nfp8155
47187.59618680521 11.747300621875462 41760 10
44960.59313037317 11.424656253889728 43200 10
43156.294745049796 10.058607500251144 46080 11
45035.12758991355 10.720866397575415 44640 13
42593.03024365285 12.228482847306594 43200 10
43831.53194789302 12.221048056647017 50400 10

nfp8159
47941.41871271862 8 54720 8

nfp8161
41790.65943365141 10.931041908193757 43200 10
40486.19258845531 11.05987076337823 41760 11
43082.29162637786 10.501955291842092 46080 11
43131.459447868714 10.730594137447744 44640 8
35377.94830003988 14.46457822069507 48960 11
41238.00488604728 9.7511811693664 41760 11
60799.30302432955 4.898526032667489 46080 11

nfp8164
44824.85701877944 11.376031470682758 44640 11
46670.711762733044 11.273394214959586 38880 14
48399.31201161925 11.00206035134996 44640 11
42649.536903470376 12.996706661384618 38880 11
40065.01481452339 10.147804604927497 43200 12
41175.17080920374 13.153965307427573 40320 10
40233.13277179394 8.37586024155169 40320 10

nfp8165
40253.32061258823 9.96225695052164 43200 8
38555.42583504615 7.786742430128835 40320 11
41073.39656017425 7.339082169291852 36000 11
38008.97081463381 10.620555650286633 43200 10
42228.63982758876 11.002480932564747 33120 8
38515.737178929296 9.656403719471104 43200 8
41862.669997687924 8.1582015897031 46080 7
55773.43544129324 11.274114287752635 37440 8

nfp8168
38338.76760787441 11.3508605021239 37440 14
39193.95781490821 13.759013817614157 34560 11
38010.82390551959 13.091102571150184 36000 10
33976.7972884567 9.215578217975049 41760 12
37828.934261984614 12.099189846684379 36000 11

nfp8172
52238.30871918472 8.22187247727695 57600 8
53001.227027423236 8.496269518022105 48960 9
53354.11804104584 8.66422493189249 47520 8
50163.47285108091 8.128434874865107 44640 8
45772.78109673951 8.645540815837547 47520 9
51009.49727386788 8.456155565923684 48960 10
57627.770345791905 8.764339060405861 54720 10
59912.60526419517 8.56591475115144 54720 10
56551.26109884349 9.262806130252885 60480 9
53035.048157317055 8.586621901142886 61920 9
54669.47357098572 8.87049759456728 44640 8
48381.40000120265 8.274074964857927 47520 9
50036.78278707245 9.029901034574777 57600 8
44032.19127124224 8.502463354904199 46080 8
50477.515462866875 8.058114359327693 57600 10

nfp8173
44120.818800656125 9.809579007993337 44640 10
45235.94950068693 9.655087943192921 44640 9
44327.64533576317 9.670114405436447 43200 12
45536.29363201773 9.143788973471077 43200 10
43550.982679123576 10.826227195752931 44640 10
45109.39945149655 9.48907248686945 50400 10
47905.44935161757 11.292320038172852 43200 9
46222.42383623633 11.200235596195329 54720 9
45583.67042350709 11.61201221862671 43200 9
50112.7984209305 6.320726421490976 41760 10
43042.52106580746 12.12670166596552 44640 11
49795.003050751526 6.880561181791672 44640 9
44873.21394785791 10.997987805798417 46080 9
45586.87650644158 10.394438814896892 38880 9
40345.078723192564 9.903013261828328 53280 10
48229.08089804889 10.270438558490603 43200 9
41859.216870953176 8.811400428785872 40320 7
49239.280808665004 10.33967777684149 43200 11
45754.44772001261 9.546573294157753 43200 8
43390.82249399172 8.654686865236735 44640 9
46437.987744588376 9.994898142928808 47520 9
44354.88674370534 9.01584065741353 44640 7

nfp8174
39941.39583508239 8.248510675653879 41760 9
41692.97329526858 8.972303014573793 38880 8
39421.155033813266 8.167874502568196 40320 8
40190.87968898649 8.12929173479462 37440 9
39431.14612331343 8.695742627032802 41760 10
34936.10318336107 11.018322881499984 40320 10
38399.19979435753 9.562839052716562 38880 9
41271.41271224363 8.907837383661558 43200 9
41773.95136015763 8.264464116411181 41760 8
39707.6282472089 7.045662588797759 38880 9
40624.69769865802 8.873687497379187 38880 10
39004.32851513658 10.340970537497745 40320 9
40268.250493789834 9.171326688908957 40320 8
40748.49395400241 7.6005864772211345 40320 5
40144.030809297576 5.569811470357765 38880 5
38835.35750771646 5.507815842396559 40320 6
40508.749634901105 7.305703833211792 40320 7
40494.07216281115 8.140367741328864 40320 6

nfp8176
47749.498526402625 13.002180319988584 38880 10
46592.8268563152 12.62098802408841 41760 11
41101.7975198403 10.592116969550558 44640 11
46822.30369602929 12.403294666077144 44640 9
43369.642585434 8.922450162275084 47520 11
44863.85591064119 10.307012435634748 44640 12
42635.054543182036 12.00884685960154 46080 10
45897.51830717696 11.081795712844396 43200 10
43742.90671465631 11.372544545821336 37440 10

nfp8177
36251.85308336141 3.0874888284006676 34560 4
35753.417612099605 3.6924797711765645 34560 5
34348.80435688658 5.149554516878216 33120 2
35937.68362147857 6.254556188404832 40320 3
37964.85960430666 4.5293198185103405 38880 4
35496.93359341943 6.442801175642434 36000 3
39091.56968038365 3.484211033135725 34560 3
35919.77465159393 2.1961000949020426 37440 3
37221.07348101215 2.5191359479417463 37440 6
30898.43165998178 2.7673051283643257 38880 4

nfp8178
38532.97734848629 10.434325473036878 36000 13
36508.6389875829 12.632950979703818 37440 11
38309.981713722875 10.524278469425479 37440 8
38700.43790735328 9.154024988567187 37440 11
36852.09063197058 10.742324487457594 37440 11
37149.189701563555 11.716170850361406 40320 10
37469.19831980304 11.899997580598182 38880 13
36321.2969213562 15.106334245165362 40320 12
37834.81733984182 11.8781927649639 38880 11

nfp8179
43677.1683757365 9.01525186326915 43200 8
43451.276920700184 8.534631746170598 47520 9
45117.20596261576 8.914489240309836 41760 9
44303.72805800392 8.797444090167392 43200 7
43719.40615271501 8.854094841504937 40320 8
42506.79596824302 8.193431069736063 51840 9
50937.07491134187 7.977441362305374 40320 9

nfp8184
43301.31599183727 9.853666361954755 46080 10
44752.99410436333 9.934334725882994 41760 11
40829.57014237884 10.912416810169468 50400 10
47462.60882983045 9.711167714217936 46080 10
45036.04100531059 10.113973571484904 46080 9
45499.82641969329 10.223504603871838 44640 12
46061.1223137635 9.679370162473907 40320 12
39975.73455676104 11.574187124402606 38880 9
46842.04005313557 7.8854777423259605 43200 9
47274.180839719 7.806254007531157 37440 11
39160.21786613096 11.613163444839087 40320 11
36347.203822949894 12.215143874426234 40320 11

nfp8186
39882.316648180786 12.543611118045792 40320 12
40292.02771323233 12.108370226637218 37440 13
39372.183881628174 12.4295499837501 40320 16
37701.009053611735 15.430802802422722 40320 19
42795.29459911451 20.680474598645073 40320 11
35960.94907336579 6.511834555526668 37440 14
40048.37256356039 19.875634066652715 40320 14

nfp8187
38520.15801631845 12.492883560413874 38880 14
38267.93554033354 13.434961279156123 40320 14
39415.76672289132 13.416396867501536 36000 11
37414.33120889832 12.237130635708244 38880 13
39339.59461925268 13.103513722060587 36000 11
37678.57865347903 13.1487249415287 38880 13
43658.06391396144 15.455991465482462 37440 10
29074.979465874498 6.355057235037395 43200 12

nfp8188
44028.89209152927 7.38915121668041 53280 8
49760.54260125039 7.750619750801315 43200 6
46034.09176781452 6.59434892886995 41760 7
49169.992086983635 7.533966040870093 46080 6
37587.631409763715 6.3499738265873855 44640 7
45554.07834909134 6.828425631071995 41760 7
43415.8614010316 6.603090355243008 43200 9
51242.586596884204 7.321653619337485 40320 8
42281.798065412404 6.615424335165579 40320 8
40649.62888099621 7.446330690824212 44640 5
44746.29611291935 5.365201454416035 44640 8

nfp8190
51366.9867681703 6.89270852817617 47520 10

nfp8193
37486.287636290384 14.033541765427815 36000 12
37761.507429909274 14.291407963006304 34560 11
34130.985891639546 10.430184875232472 36000 13

nfp8195
39113.81345555226 7.3354344107725975 38880 7
38685.32774764913 6.984858871841127 34560 7
35799.556121715264 6.912760802918281 36000 7
37766.99022867379 7.6720690386067885 38880 6
37004.3300937264 7.159211205092124 37440 8
39414.160749021954 6.178711536764487 38880 6

nfp8196
41578.3032559579 7.679817749817381 41760 9
41293.53822905355 9.19147588729466 38880 11
40217.424138550334 10.512312108082707 44640 12
41785.679422230816 9.982216231779079 33120 10
34004.692856100344 8.992837212234333 41760 10
43943.37492038083 11.014520160886478 43200 13
30368.12015683083 7.13131130962571 41760 11

nfp8197
37860.820701954275 10.850772800725434 41760 8
39206.66482887673 9.842565147687562 41760 12

nfp8211
41615.46001233906 11.638644348022577 46080 13
45229.30098213832 12.017171735006322 43200 14

nfp8212
54864.01816856112 11 43200 12
47917.979752786596 11.669272563823116 54720 11
51480.65532920306 11.110757398954155 46080 13
52212.60968884684 11.479580667020759 46080 11
47717.65739504674 11.628712248485902 43200 14
40010.32728799192 12.41589982186232 50400 11
79807.03384980524 10.226436896023644 51840 11

nfp8221
42379.19980831458 9 40320 7

nfp8223
42819.573114684295 10.507235847087603 41760 11
42106.8869670863 10.755755395869674 43200 11
42927.92011287453 10.57995493131079 40320 11
40089.88973144142 11.380888678633163 40320 11
46148.07996697252 9.818838577102543 41760 10

nfp8228
37674.691847189555 12.659866888131077 40320 10
38417.06307368942 11.879289820982377 38880 12
39813.10815233373 10.780566586701292 40320 11
42173.62617103715 8.929608660136093 38880 11

nfp8234
36713.294216476264 10.499442655104378 36000 9
36895.262537198316 8.816570183895248 40320 10
37800.85595518653 9.386708712018473 38880 9
38815.397144264956 10.245040210536166 40320 11
36150.44135192558 8.740828113385614 38880 9
41691.77177418326 11.25272507285017 37440 9
37639.04523874687 8.533814040741339 40320 9
40489.71939226408 10.755750785780311 40320 9

nfp8235
53125.146201494106 9.766908310406613 54720 10
54894.3983256104 10.006265994738524 44640 10
50477.03230682235 9.96259733753671 50400 12
49613.49621088465 11.69552766208532 50400 11
49876.93151030368 10.698914696940724 46080 11
48855.29800524197 11.099916124458646 54720 9
38005.34130153996 14.446843724703687 60480 9

nfp8237
36929.436500311924 10.305355782737314 38880 10
38044.29136877073 9.895767311953742 36000 11
37815.415938356375 10.444824775511675 38880 10
38283.113333851885 10.059951916504323 37440 12
37463.199098685276 11.259049606467826 36000 11
37197.575018528194 11.206330506424834 37440 9
35176.12205291387 8.37137877918557 37440 8
40387.02652540468 12.76838707781392 34560 9
36796.88068634041 9.896371862664457 36000 10
37470.1818754955 9.018997861855995 36000 10
36388.67028558518 9.862680198936044 38880 10
37802.116703666674 8.535879311110437 34560 12

nfp8240
37882.700615443864 7.544612153170715 38880 8
38787.630321656194 7.957822064683192 37440 6
38322.42897875849 7.46021154898206 37440 7
37421.779814566646 6.365987549695845 36000 6
35116.696215440264 5.81380671123643 36000 5
36159.41294900159 6.016142924698972 38880 8
37093.1096881001 5.028500859806419 37440 6
38363.65261876782 7.857080280620133 38880 6
41969.81344977377 10.17706628804078 37440 7
35568.31924941601 4.560384565641776 38880 7
37470.975171657854 6.4556877948793625 41760 8

nfp8242
45437.76680987596 9.438192387411297 51840 10
48756.443375251954 9.76805503136756 30240 12
35588.386005785396 11.608594862610953 50400 7
53574.375094599876 7.33374992233152 40320 9
35888.89102155836 12.123688304443418 40320 11
52221.034687562715 7.524487416792736 37440 10
77025.29081431055 5.903639252689082 36000 7
61053.946617923895 8.103048791184172 37440 10

nfp8249
39841.29324620716 18.029493353143476 43200 17
43574.865728108794 17.514113410498666 37440 14
40267.20201735624 16.85047783078085 40320 17
40101.49415246078 15.793016124557838 30240 17
30854.731947489196 18.821264331031525 56160 20
53619.78837922972 21.37330297079754 41760 20
69055.6565029346 23.84000390662112 41760 19
65190.35534750856 22.149879174729218 47520 16

nfp8257
44684.41545557163 6.254518316411804 41760 6
44038.57953978104 6.198309794584948 40320 5
42386.856232050195 6.004049945150703 40320 9
43499.124868871026 7.5616266579829094 48960 7
44737.26830144117 7.161955661795195 46080 9
50561.27509543343 6.188449219283143 41760 6
41936.09498667215 6.719502885003579 40320 10

nfp8260
46781.68642912182 10.406784336572 48960 7
47729.34413356521 8.511993085630593 43200 7
46443.652264995944 7.0677745113088 46080 10
47805.09631740997 9.836416501685154 43200 11
46979.94485766011 9.097337265743796 46080 10
48367.91806751564 9.45543334048943 46080 17
42492.314594000614 -62.82464658607574 44640 10
47972.84825208533 9.944347388315048 43200 13
42931.46417887359 13.300940020662118 43200 9
46640.68250786106 9.815793177119989 43200 11
44881.851403244604 11.49540888756876 46080 12
45732.594497439466 11.538853949269015 41760 10
44858.347423566855 10.746556828932134 47520 11
45518.344332897505 12.598244235638376 44640 10
44556.42029203367 8.962349200648683 47520 11
44933.78067136598 11.714599158524495 46080 9
45330.77545245561 8.544168560363978 43200 9

nfp8263
48941.260647039264 10 44640 8
46135.32979574731 8.434164367919594 60480 9
54214.28051992102 9.439652651188517 48960 11
39590.78618752156 8.07411176523736 50400 11
41487.7416693902 8.240731395595946 57600 10
59758.899185109025 15.65072479749381 40320 9
45888.001928013706 6.513852338287809 50400 11
51224.296809458894 9.347335980432462 44640 8
56293.42576336578 12.393787263808383 43200 10
44016.66747019952 7.230612210854496 40320 10

nfp8264
41181.559433436 13.603807831120546 40320 10
40314.32339144717 11.597599479625387 37440 9
39098.37770862029 10.537305128670505 38880 11
39230.84363918542 12.512212237750402 40320 10
38825.75053417821 10.137079551896699 40320 10
41115.568854751 10.399682754514828 40320 10
41064.32577102661 10.650454386796502 40320 11
41014.87830103783 10.779324669308343 40320 9

nfp8266
41749.47804498287 8.350731833904348 37440 7
40961.17082606899 7.936416717928241 40320 10
40723.35413658435 8.981445318315343 38880 12
41995.71721202793 12.29697477380758 37440 11
36175.20029628738 9.586390516338763 36000 8

nfp8268
44071.24637311816 11.59096414407598 47520 14
45395.560271058246 12.72344776034557 38880 11
43070.58453029978 12.08501528219644 40320 6
42388.34083816529 9.365305843774857 43200 10
42196.805165924685 9.895030215503798 48960 10
47691.707240964904 11.562291983269446 47520 6
43389.76883086529 16.956905632270022 46080 7

nfp8269
45836.0534198702 12.650524213679464 43200 16
46137.252680007645 12.24949479750116 40320 13
40825.321960503614 16.207812942945665 47520 13
44847.395488709655 16.09731878776882 46080 13
45847.55106372146 11.788914969031724 38880 12
47043.00776847296 12.38086394227625 47520 12
42948.774878428434 15.091912990013457 44640 14

nfp8270
44985.952037593976 15.55625025579411 44640 10
44592.99474929395 12.905600901530462 44640 14
45407.70782231388 13.904706225620522 46080 11
45327.78865464167 11.342432111298333 43200 16
44501.52717774009 8.467367491958974 43200 15
44306.445926083 18.068942817643652 38880 15
42797.053206757 11.156117349326419 48960 6
49584.569088841585 15.234292310012407 46080 6

nfp8271
44496.73123459609 8.286537530807825 47520 9

nfp8276
38873.65172824919 10.211609058360354 41760 11
39448.25438689162 10.494225363551985 37440 11
39793.43957889297 11.029672388058868 38880 12
39152.25858731442 11.287488570336091 33120 10

nfp8278
38018.62337396089 10.79481440639685 37440 11
37581.420025164894 10.949851054906064 38880 10
37884.98104091179 10.752716150201453 40320 11
39353.999625918856 10.435234878790759 37440 8
39979.90574744234 10.76528260644088 40320 9
40112.3312763394 10.28451207150929 40320 9
39158.578599825465 7.375564425401653 40320 9

nfp8279
46243.417837702546 12.102402558115246 46080 13
45956.916597104384 12.541610822279468 43200 15
43980.67902808115 13.922414637726732 48960 11
47359.780392029716 12.556186555220794 46080 16
46577.967807946436 12.317668287711355 41760 13
45701.31160321263 12.845600840154649 43200 14
38534.14763076535 13.454123002851647 37440 16

nfp8282
47526.71502948807 10.511369125386423 40320 10
42858.08329308483 9.667684175462592 41760 12
43385.78135846853 11.744640401450715 46080 10
43855.37636247539 11.103755517363124 46080 11
46866.02389186223 8.575057424778487 47520 13
49391.97282013637 10.747752566650108 44640 12
45852.067539664604 10.792177682560572 46080 12
47271.4161444817 12.263618083654503 53280 12

nfp8289
37982.363014901406 9.154233158951648 41760 8
38834.06023880168 8.880857938934623 40320 12
39955.05608650188 9.252315540083208 37440 10
39907.41897886227 9.82870493850708 41760 8
41281.425331389495 9.133609356953379 40320 10
39414.83161781171 10.873027078121318 38880 10
39936.20375703476 9.504063396547407 38880 10
38875.73852069361 9.479789562655494 38880 10
39242.926347043605 9.49127126489668 37440 9
40072.586468479196 9.41973312040203 37440 10
38748.26952345296 8.636182624469937 38880 8
40040.32191702242 9.585345135907053 38880 11
38581.41096448835 8.436364207900976 41760 12
40378.8463172447 9.91674094032044 38880 12
38622.770635151406 11.46054903748599 38880 10
39401.97963124082 9.94059865310295 37440 10
38238.114500831136 10.100933047151951 37440 11
38882.60067995911 9.601905279862885 38880 9
39114.86743433351 9.18338930493563 38880 9
39432.926937332326 9.75301813867393 38880 9
39715.964405280065 9.55026609006831 40320 8
39674.24236350095 9.203244807247254 40320 9
39681.277535984744 9.94063208703642 38880 9
39685.932196662434 9.663687637420452 34560 8
38430.17430424169 8.833633753598333 41760 10
38912.789315829265 8.682759017297126 34560 11
37813.23158094669 10.622647932586416 38880 11

nfp8290
40365.17815238753 9.919918554079084 37440 7
39442.603464416774 10.294174549323898 38880 8
38611.02545716172 8.928515010722707 44640 10
42477.309259749294 9.911247197681034 38880 10
40638.186985187844 8.432405949919547 37440 8
39778.64444622271 13.67439786531726 38880 8
37598.298252786364 8.974026105558087 57600 9
50644.34083052378 9.417880976716432 40320 4

nfp8292
41217.909295232734 10.047863304916762 37440 10
39314.88530710996 10.222793988249455 44640 11
42636.698982561466 10.927141538901013 41760 12
42134.61091483623 9.623945473788506 36000 10
42919.44377375412 10.983480687034398 40320 11
36663.95626308146 10.359989774037608 37440 14
40842.92419495646 8.922803181793103 44640 11
40038.91985315353 14.392815486845503 41760 12

nfp8294
47513.89682921871 7.909850858510232 50400 6
49398.95559057186 6.700796541033921 41760 8
45414.884846059285 7.885775814831051 47520 8
45935.94651521407 7.4555767658173 46080 7
46432.09352170541 7.383289444998081 41760 6
48155.879123501 6.7001792118655485 44640 8
50820.29281952064 7.225623219225627 46080 7

nfp8296
45326.2143975699 7.388549279603146 50400 7
48231.99636761828 7.321708561787241 43200 8
46678.04711116028 7.383411119149404 43200 9
45438.57753442747 7.309057390572762 44640 8
44547.54163431259 8.347043834079496 41760 7
46928.55514290838 6.95219222541311 38880 9

nfp8298
42269.94294423594 13.708963739666277 63360 16
52913.306503455744 14.756033878386132 41760 12
47225.49814283803 12.726003944399505 41760 10
58566.10570374917 13.90179203923888 69120 14
25352.70216503943 10.491974745938725 48960 13
53572.75713096063 12.69739987190795 37440 12

nfp8299
37493.46788603283 11 30240 10
28768.46106805121 9.887021491096869 34560 11
38473.488341753495 11.272683006877369 41760 11
40288.31280537845 11.432989867162092 36000 12
35708.55012659394 10.230431795571677 34560 10
35695.83288803277 11.555991928932205 37440 11
32917.63450969211 10.666411809677172 47520 10
55226.65409088654 12.519533278363431 25920 10
32522.6905606396 9.474840253116675 38880 12
46398.593424687075 12.182219013443058 37440 10
31372.780338690252 9.840056644932725 36000 11

nfp8305
46364.74686176742 14.318782121270072 40320 13
42869.63847728171 12.75879268657866 48960 13
46852.167058283405 13.427783449605952 41760 15
43791.913325664216 14.091423330437122 47520 16
45449.861243540276 14.874843386950559 46080 10
36819.04995214017 19.87494532465838 47520 7
41705.703405451844 13.066696882457457 40320 13

nfp8306
42847.71750744603 14.47929590823669 40320 14
42124.012917463886 14.402066094999673 37440 13
39990.23021894399 14.189107959808606 46080 16
42993.144596162776 14.860541270477217 43200 16
39711.729996603295 14.496584440003932 44640 13
44913.265583580935 17.908768293575825 44640 13
49651.57269339245 12.523430923428094 38880 14

nfp8308
40938.12479863113 8 41760 6
40966.45807605698 7.403166327319911 41760 7
41570.226309946964 7.23537054310515 40320 8
40049.13783680895 8.41247909136619 41760 7
41138.86409506219 7.503653222519594 40320 9
41783.09882523631 6.1990499394992185 41760 6
40515.55640790406 9.308380657507177 40320 8
42707.921476318494 5.984273293260691 38880 8

nfp8309
41410.16720866757 8.484052269755203 36000 9
35956.26520976896 8.826714088839424 37440 7
43674.96671472825 8.606634819160162 38880 10
36420.18430816333 7.210374085947892 37440 8
42580.88978980413 9.043156277556015 37440 9
31653.592404086092 9.165174353960808 34560 11
37340.77128830825 7.100796003028492 37440 7
37823.94259816359 11.93643270317354 41760 12
25521.904204655355 7.173130651807821 36000 9
38941.881472116045 9.673264679940306 37440 10
36586.21769651201 11.100973206319248 38880 12

nfp8310
37059.57311468431 11.253617923543791 38880 11
38282.70110033077 11.036317283868478 36000 9
36618.002356795856 9.667893722155949 37440 10
37836.4798598474 10.671222229311972 33120 10
33393.97471886396 9.684841180888705 36000 9
35356.831529101364 8.289454307918636 37440 10
34842.4648906165 8.827061960202618 36000 8
35732.17981846433 8.587882551995154 36000 10
36304.95507447244 9.650764326928707 36000 11

nfp8312
40965.78828757384 8.313298505888032 40320 9
39869.82341333951 8.97461329285514 38880 7
39687.83946307657 8.163363552065093 40320 9
39480.83483225243 6.80721889853556 38880 12
37260.02185954463 8.3080928962344 43200 10
40780.5588744623 10.032492227217126 38880 9
38863.51073044976 6.417393944911671 40320 10
41536.59070054207 11.127574932623403 37440 9
39600.319572428765 8.628215473704294 40320 9
41308.328383338616 9.451696440359111 50400 9
39830.91812227458 9.127984416523207 41760 8
41049.58155677646 7.954882870498303 44640 10
40897.75399959038 9.489724543749587 43200 9

nfp8322
47677.713773000556 10 50400 8
48368.208497557745 9.774940495967035 46080 9
48438.41053473522 8.479722911202689 51840 9
51864.34526482961 9.446101200411846 64800 9
59845.73698686592 8.24350454205998 60480 9
65245.80870702268 7.956271571762637 70560 10
75648.36552962108 6.4882899775038405 48960 9

nfp8323
49752.60295133595 7.240760905266903 41760 10
46092.835850983436 8.311563979322598 48960 10
47072.56672161685 9.06560671829725 41760 10
46307.04026601111 9.304172136114488 38880 9
38908.7767974937 9.153339668246453 50400 8
46299.77067086073 8.814777050915566 54720 10
57792.782865059315 10.00747363171324 40320 9
61938.16875602346 9.357335859646279 43200 9
44686.85046310909 9.55520775676267 44640 8
43818.21618150568 8.674453044648724 38880 10
46569.18381574572 9.618935316242608 47520 12
48698.8485795225 10.994807364938527 40320 7
42983.02368865875 9.896893710766197 41760 8
42493.70579375459 9.351627639857062 38880 10
45859.148140627556 9.661066233269537 40320 7
45997.22002128618 8.995606010851317 41760 7
43758.816688013605 8.219820178646936 38880 8
43787.384671341126 8.647963960062803 50400 9
45404.84134582868 8.744098564306778 40320 5
44012.22677376672 8.335390587555818 44640 10
43281.85714766032 8.123435048795134 51840 8
48075.72925126658 9.482741615207248 41760 7
41424.75731302169 8.20584773871949 47520 7
45492.70926422616 8.55376958390423 37440 8
45230.60834436829 8.97041051911035 40320 7
45147.20874726381 8.161286644282901 40320 6
44156.43052566874 8.278663254411216 41760 6
43265.889810772176 7.230674330814511 37440 9

nfp8324
49739.7118698076 10.601767364432801 51840 13
48188.916209656745 11.10126637174851 73440 8
55756.326266138334 9.720249660793026 43200 11
56337.47439624219 10.39549018172373 37440 7
20885.190300330196 10.678576223614789 61920 11
47816.804301786215 7.443337928933389 51840 12
53081.78082390252 12.250016538598217 50400 14

nfp8328
44815.42244080026 9.31103269645437 46080 10
45666.33464152618 10.187094936070627 43200 8
45006.70772072227 9.248645933809316 44640 9
44472.616445413776 8.866315219736576 40320 9
40719.9311482235 8.5044369626913 51840 10
51354.28296285571 10.188938232640513 43200 9
30551.15332093947 6.788487860772747 46080 9
52328.75196528834 9.997995246191566 50400 10
46184.90995199748 8.695311140629872 40320 9
41474.7509368556 9.104196374765932 44640 9
47539.46125289592 9.263771089942464 50400 11
42977.08631668035 8.60323767918867 40320 7
44219.73081945316 10.621666889318393 46080 9
48623.98430835475 9.175829421137042 41760 9
39392.2527642558 8.45760590142145 43200 7
47646.61987393743 9.723995741740675 43200 9
44971.70563487238 8.947892132851319 43200 9
44651.41793518723 9.14120522825071 33120 11
45059.107752760814 9.165752872357052 40320 11
42742.14946646743 10.809725597192852 41760 11
43361.646067107074 9.990048281285523 46080 9
44138.773455484516 10.79360739595676 41760 8
44053.50553149487 9.14333636458013 41760 9
43365.25529540162 9.655795642461362 43200 9
43406.68177974533 9.079755253154389 40320 8
43177.49361262381 9.107123966182604 41760 8
43205.34839913397 9.303278555372502 44640 8
43178.38463204019 8.778315244824519 43200 8

nfp8334
42565.547364040845 12.986034600065274 46080 12
43694.07507506332 12.303354597296599 41760 15
46482.191184629315 12.656969093897043 40320 11
35545.49837904514 14.66119510717594 40320 9
30738.519786566474 13.320266236831195 57600 12